-19.92319508
-19.0015361
-18.0030722
-17.00460829
-16.00614439
-15.00768049
-14.00921659
-13.01075269
-12.01228879
-11.01382488
-9.938556068
-9.016897081
-8.01843318
-6.943164363
-6.021505376
-4.946236559
-4.024577573
-3.026113671
-1.950844854
0.046082949
1.044546851
1.966205837
3.041474654
3.963133641
-1.029185868
5.038402458
6.113671275
6.958525346
8.033794163
8.955453149
10.03072197
11.02918587
11.95084485
13.02611367
14.10138249
14.94623656
16.02150538
17.01996928
18.01843318
19.093702
20.01536098
21.0906298
22.01228879
23.01075269
24.00921659
25.00768049
26.00614439
27.00460829
28.0030722
29.0015361
30