-0.045132743
-0.061061947
-0.050442478
-0.100884956
-0.074336283
-0.055752212
-0.047787611
-0.055752212
-0.034513274
0.023893805
0.045132743
-0.037168142
-0.127433628
-0.151327434
-0.119469027
-0.257522124
-0.400884956
-0.488495575
-0.392920354
-0.159292035
-0.082300885
-0.047787611
-0.050442478
-0.05840708
0.318584071
0.026548673
0.24159292
0.400884956
0.533628319
0.597345133
0.623893805
0.568141593
0.459292035
0.307964602
0.204424779
0.116814159
0.079646018
0.047787611
0.045132743
0.053097345
0.05840708
0.05840708
0.061061947
0.042477876
0.02920354
1.11E-16
-0.02920354
-0.061061947
-0.074336283
-0.116814159
-0.127433628